625.219
624.844
625.219
625.219
624.156
623.406
623.781
624.156
624.156
624.156
625.562
624.156
624.5
626.312
624.156
622.719
624.5
625.219
623.062
622.719
622.719
623.062
623.406
623.062
623.406
622.719
623.406
625.219
625.562
623.062
622
621.656
624.844
624.5
622.719
622.375
622.719
622
623.406
625.219
625.219
623.781
624.156
622.344
622.719
625.219
623.781
623.781
624.156
623.781
624.5
623.406
623.406
623.406
623.781
625.219
623.781
624.5
623.406
625.219
624.844
624.5
625.906
625.562
625.219
624.5
624.844
627
624.844
625.906
624.844
625.562
625.562
625.219
627
624.5
623.406
625.906
625.562
625.562
626.312
623.781
625.219
628.031
624.844
625.906
624.844
624.5
625.219
623.406
625.219
623.406
626.312
622.375
624.5
625.219
623.781
625.219
624.844
624.156
624.156
624.156
623.781
623.406
624.5
623.781
623.781
621.656
622.719
621.656
623.062
624.156
622.719
622
622
621.656
623.406
621.281
622
621.656
623.406
622.375
622
622.375
622
619.5
622.344
622.719
620.562
620.562
620.219
620.906
623.062
621.281
622
622
620.906
619.875
621.281
620.219
620.906
620.906
622.344
621.281
621.656
621.281
620.219
620.562
621.656
621.656
619.875
620.219
623.062
622.344
622.344
622
621.656
622.344
622.344
620.562
621.281
620.562
621.281
622.344
622
620.906
619.125
621.281
621.281
620.906
622
622
622.719
621.656
622.719
622.719
623.062
622
621.656
623.781
620.906
625.219
623.781
622
622
622
623.406
622
623.062
622.719
622.375
622
625.219
622.719
623.062
625.219
622
622
622.719
621.281
624.156
622
621.281
621.656
623.406
622
621.656
623.062
620.906
622.719
620.906
622.719
622.375
623.781
622
622.375
620.906
622
623.062
622.344
622
622
622
622.375
622
622.719
623.781
623.781
623.062
622.719
621.656
619.5
623.062
622.719
620.219
622
623.062
622.375
622.719
623.781
622.719
621.281
622
623.062
623.406
621.656
622
620.562
623.062
621.656
621.656
623.062
622
621.281
623.781
623.406
624.5
623.062
620.938
622.375
623.062
621.656
622
621.281
623.406
622.375
623.438
622.375
620.938
622
619.875
621.656
620.938
622
621.656
623.438
620.938
623.062
622
622.375
622
622.719
623.406
621.656
622
621.656
620.938
621.281
621.656
620.938
620.938
620.938
622.031
622
620.219
620.938
620.562
623.062
622.719
620.969
620.562
623.062
620.594
622.406
619.562
622.75
621.344
620.594
622.406
620.25
621.688
621.344
623.094
622.406
623.469
621.688
620.969
620.969
621.688
622.75
621.344
620.969
621.344
619.906
621.688
619.906
622.406
621.344
623.125
620.969
620.969
621.344
620.625
620.625
619.906
619.906
622.406
621.344
620.625
622.406
622.406
621.344
620.969
620.625
622.406
619.562
621.719
620.281
623.125
620.969
619.562
621.719
620.625
619.906
620.625
620.281
620.625
620.281
620.969
620.281
620.625
621.719
620.969
621.344
619.219
619.562
619.906
619.906
619.906
620.281
620.625
621.344
620.281
619.906
620.625
619.906
618.5
621.375
619.906
619.906
618.5
620.969
620.281
617.812
619.562
617.812
619.219
619.219
619.562
619.906
618.875
619.562
619.219
618.875
619.562
619.906
619.906
619.219
619.906
620.281
619.562
619.219
620.969
619.906
618.5
619.219
620.281
619.562
619.906
620.625
618.156
618.906
619.906
618.875
619.938
621.375
619.219
620.625
621.375
620.969
622.781
620.281
622.062
620.281
620.969
620.969
620.625
620.969
618.5
620.969
619.938
622.781
622.062
619.562
620.969
619.562
620.281
620.25
620.281
621.375
619.938
620.25
620.969
621.688
621.344
621.344
620.969
619.562
619.906
620.25
619.562
622.031
621.344
620.969
622.75
620.594
621.344
623.094
622.406
622.031
622.062
623.094
623.094
622.75
623.469
622.062
622.75
622.75
624.188
623.094
622.75
623.844
623.094
624.562
623.094
623.094
624.906
623.094
623.469
623.469
622.75
624.562
623.094
625.25
625.25
622.75
626
623.125
624.906
624.188
624.906
627.031
625.25
625.25
624.906
627.406
626.344
627.406
626
627.406
625.25
627.406
627.406
627.406
627.406
628.844
627.406
627.062
628.844
627.406
626.688
628.094
629.188
628.094
628.5
628.5
629.531
628.5
628.844
629.531
627.406
628.5
629.906
627.75
629.906
628.094
628.844
630.594
629.188
626.688
628.844
628.094
629.188
628.5
628.5
630.25
628.844
629.531
629.906
627.75
627.406
627.031
630.594
628.469
628.469
630.594
627.75
628.094
627.406
630.25
627.031
627.031
627.406
628.094
628.094
627.375
627.406
628.469
627.031
629.531
628.844
626.344
627.75
627.062
628.469
627.062
628.094
627.75
628.469
627.375
627.375
627.375
626.719
628.5
628.812
626.344
628.125
628.844
628.125
626.719
628.125
628.125
627.406
629.562
627.406
626.688
628.5
628.844
629.188
630.25
629.906
628.844
628.5
629.188
628.844
628.844
628.5
629.562
628.5
629.906
629.562
631.344
630.594
629.531
630.25
630.594
628.844
629.188
628.844
630.25
630.219
630.562
630.562
630.562
630.219
630.562
631.656
630.906
629.5
629.875
629.156
629.156
630.219
630.219
630.219
629.156
629.844
631.281
629.156
627.719
628.781
630.188
629.844
628.406
628.406
629.844
630.188
628.062
629.5
628.062
629.125
628.031
629.125
630.156
629.469
628.375
626.625
627
629.094
628.375
628.375
628.375
629.094
629.812
628.375
630.156
627.656
628.375
629.438
628
627.656
628.719
629.438
631.219
629.812
628.719
629.094
627.656
629.812
630.156
627.312
629.438
629.094
628
632.312
631.594
630.156
631.219
632.281
630.5
630.844
632.281
630.844
631.188
632.625
631.938
631.906
632.625
632.625
632.969
631.906
633.312
632.969
632.25
634.75
632.969
635.094
632.969
634.75
633.656
634.406
635.469
633.656
635.469
634.406
634
636.156
633.656
635.469
635.812
634.75
634.406
633.656
634.406
634.75
634
634.406
635.812
636.531
634.406
633.656
633.656
634.75
634.406
634.75
633.656
632.594
634
633.312
634
632.938
631.844
634.375
632.938
634
634
633.656
633.656
634
632.594
632.594
632.594
632.594
631.844
633.281
632.594
633.281
631.5
632.25
631.844
632.219
633.281
631.156
631.5
630.438
634
632.594
632.219
631.5
633.281
630.781
631.125
630.75
631.469
630.75
631.812
629.656
628.969
630.75
630.406
632.156
629.312
630.062
630.406
630.062
628.969
630.75
631.812
629.656
628.594
629.312
628.594
629.656
628.969
628.594
629.656
627.156
628.25
628.594
629.312
631.438
628.594
628.594
627.156
627.906
629.312
627.5
628.969
628.25
627.906
628.594
626.469
626.844
626.125
628.938
626.844
626.844
627.156
627.156
627.906
627.5
627.906
627.156
627.5
625.406
625.406
626.469
627.5
625.406
625
626.094
626.812
626.094
626.812
625.406
626.438
625.406
625.75
625
626.812
626.094
627.156
627.156
625.75
627.5
626.812
626.094
625
626.438
625
625.375
625.75
626.094
625
625
625.75
624.656
624.656
624.656
625.75
625.375
625.375
624.281
625
624.656
623.594
625.375
623.594
625
622.5
623.938
622.844
622.5
623.219
621.781
622.844
621.781
622.156
620.344
621.438
618.594
620.719
619.281
620.719
620.719
620.344
621.438
619.281
620.719
620
619.281
618.594
618.594
618.594
618.938
618.938
618.938
617.5
617.156
617.5
617.5
617.844
614.312
616.781
615.719
615
615.344
615.719
613.594
613.938
614.312
611.781
613.219
612.844
611.062
613.938
612.5
611.812
612.844
610.719
612.156
610.375
610.719
609.656
607.5
607.875
610.031
607.906
609.688
610.031
608.25
608.625
606.844
607.906
606.469
606.469
607.906
605.75
605.406
605.406
604.344
604.688
604
605.75
605.406
605.406
604.719
603.625
605.094
603.625
603.625
604.719
605.781
605.438
605.062
603.281
604.031
604.031
601.875
601.875
602.938
604.719
604.719
603.688
603.281
603.688
604.375
605.781
604.031
605.094
604.031
604.75
603.688
605.094
604.406
606.188
606.531
605.125
604.781
606.906
607.25
604.781
605.875
607.594
605.875
606.906
607.25
609.062
605.875
608.375
609.094
608.375
608.719
611.594
611.219
611.938
611.594
613.75
610.188
611.594
613.75
614.094
614.781
614.438
615.562
617
618.406
618.062
618.406
619.844
621.594
621.594
621.594
622.375
623.438
623.781
626.312
624.875
625.938
627.031
627.75
628.094
629.188
629.906
630.562
629.531
631.312
633.469
633.812
633.812
633.812
634.5
634.875
637.375
634.5
636.656
636.281
638.781
638.438
639.812
639.469
637.719
641.281
641.281
639.812
642.656
641.969
641.594
642.656
643.062
644.812
644.438
644.438
644.438
644.438
646.25
647.312
646.562
648.031
648.031
649.406
649.75
649.781
648.719
649.062
649.031
649.75
650.5
651.906
650.5
653
651.875
650.844
653.344
652.25
654.75
653
653.688
652.969
655.094
655.094
653.312
655.812
654.719
655.812
653.656
654.375
654.375
655.781
654.719
654.719
652.906
653.969
656.844
653.625
655.719
651.812
653.969
654.656
654.312
655
652.531
652.844
651.062
652.844
650.688
651.781
651
649.594
650.312
651
649.594
650.281
649.25
648.5
648.812
648.125
647.094
648.094
645.25
644.906
644.156
643.781
643.094
641.969
642.344
642.344
640.594
640.156
638.031
639.469
637.656
635.875
636.25
634.438
633.344
630.5
631.531
629.812
631.906
630.469
627.281
628.344
628.312
625.125
625.469
624.781
624.75
622.594
623.281
621.531
619.688
621.125
619.344
617.875
616.438
616.094
614.281
614.281
613.906
612.812
611.031
609.281
610.344
609.594
610.312
605.656
606
605.656
605.625
604.531
604.188
603.469
603.469
601.281
601.656
599.844
597.719
598.094
597.344
598.406
595.188
594.125
594.844
594.469
594.062
591.906
593.656
591.906
592.281
590.438
590.094
591.156
590.438
588.281
589.75
589.344
588.969
588.625
588.625
588.625
587.156
587.906
587.562
587.562
585.75
585.75
585.75
587.906
586.094
584.656
586.438
585.75
586.438
585.75
586.438
586.781
584.656
584.656
585
586.062
586.062
587.156
585.375
586.438
585.719
586.094
586.094
585
586.781
586.781
587.156
587.906
586.094
586.812
586.812
586.469
587.906
588.625
588.969
590.781
588.25
590.438
592.938
589.719
592.25
590.094
594.406
592.25
592.969
594.781
593.688
594.094
592.969
595.156
594.781
595.125
594.812
597.312
595.531
597.688
596.281
598.781
597
599.125
599.156
598.438
599.5
600.969
599.875
601.344
599.562
600.281
601.719
602.812
602.812
603.188
604.625
605.688
605.375
605.344
607.5
606.781
607.875
608.219
609.312
610.75
612.875
612.531
614.312
616.5
616.125
616.125
615.781
617.562
619.375
619
621.531
621.531
622.281
623.375
624.469
625.875
624.844
624.844
625.531
627
629.5
628.406
630.906
633.125
634.156
634.156
637.406
637.406
639.562
642.062
642.812
644.969
647.469
648.938
648.938
652.156
655.781
656.125
660.375
660.031
662.594
666.844
667.969
670.469
673
674.062
676.906
678.344
680.469
681.562
683.312
684.406
685.875
686.594
689.094
689.438
692.625
691.562
694.438
694.844
694.438
694.438
694.438
695.562
696.625
696.969
697.688
696.25
695.562
697.375
693.781
694.875
692
692.719
691.969
690.594
690.25
690.219
689.5
688.438
686.625
685.562
684.844
682
682.75
680.219
679.188
678.125
673.812
674.875
672.031
671.312
668.062
667.75
664.531
664.188
662.375
662.375
658.812
654.906
654.906
653.812
649.156
648.812
649.5
645.969
642.375
641.688
643.125
638.844
638.5
636.344
634.531
632.75
631.688
630.594
630.594
627.719
628.094
627.719
626.312
626.656
623.438
621.594
623.406
621.594
620.531
618.438
617.375
618.406
617.719
615.562
614.844
614.469
613.062
613.75
613.031
613.031
610.188
611.938
611.594
609.094
609.438
607.656
606.938
606.938
608.031
606.594
607.656
605.531
605.875
606.594
605.844
604.438
604.438
604.094
603.375
604.781
603.719
604.781
603.312
602.969
603.312
604.406
604.062
605.469
602.969
603.312
603.312
603.719
603.312
602.969
601.562
604.062
601.906
604.406
604.062
603.312
605.094
605.125
606.531
605.781
605.438
606.156
607.594
609.031
607.219
607.938
610.062
608.625
609.688
611.125
609.688
608.969
609.688
612.188
609.688
611.844
614.312
609.688
611.812
613.281
613.219
614.312
615.031
613.938
614.656
616.094
616.031
616.094
614.625
616.438
619.281
617.469
617.844
618.562
619.625
618.188
617.812
618.188
618.562
619.219
619.938
620.281
619.938
621.375
620.625
617.438
621.375
620.281
620.25
621.688
621.344
620.938
619.531
622.031
619.844
619.5
620.188
620.188
618.062
621.219
618.719
618.406
621.219
618.688
620.844
617.312
619.031
620.125
618
617.969
618.656
617.969
619.375
617.25
617.25
617.938
617.219
615.812
617.562
616.5
615.406
616.125
616.812
615.031
615.781
615.719
615.719
616.125
613.594
615
615.344
614.281
614.312
611.438
614.656
611.062
611.062
611.375
610.719
613.531
611.438
611.031
608.219
610.375
610.344
609.281
611
607.469
605.344
607.469
606.781
604.281
604.281
605.312
605.312
604.219
603.531
601.375
602.812
602.469
600.688
599.219
600.312
598.188
596.75
596.406
597.469
595.688
596.031
595.656
592.094
594.219
592.438
589.594
590.281
588.188
587.438
585.688
586.406
583.562
584.281
582.844
583.219
580.344
580.719
578.156
578.562
576.406
574.281
574.625
572.469
571.031
568.906
568.188
567.125
563.938
565
562.5
561.812
560.031
559.312
558.938
558.938
554.688
553.25
553.594
553.219
550.031
548.562
546.812
545.75
546.469
543.25
540.031
537.188
537.906
535.406
533.969
531.844
530.062
529
526.875
523.656
523.656
519.719
516.875
516.156
513.656
510.109
509.047
506.547
504.75
501.188
500.828
496.906
495.469
492.297
489.797
487.656
484.812
480.516
478.031
475.875
471.984
468.406
466.266
462.344
460.203
456.281
452.016
450.953
447.375
445.953
441.312
436.312
433.812
430.594
426.656
422.016
418.797
415.578
410.922
407.344
406.297
402
398.062
393.797
390.219
384.859
380.562
378.438
373.781
368.422
365.203
363.766
357.719
355.219
351.984
347
342
337.359
333.422
328.062
325.578
322.016
317.359
315.219
309.141
307
302.375
297.719
294.5
290.938
287.359
280.594
279.172
275.234
271.297
267.75
263.797
259.891
257.391
254.539
247.758
246.695
242.758
239.555
234.922
230.633
229.203
226.695
222.773
219.922
216.703
213.148
212.094
207.445
204.953
202.109
198.172
197.461
194.977
192.484
188.914
187.133
185.352
182.5
182.508
180.727
179.297
178.234
175.383
173.602
173.234
170.75
170.039
167.547
164.695
165.055
163.273
163.633
162.211
161.5
160.43
159.016
159.016
156.875
157.945
156.523
155.461
153.68
154.047
153.672
154.758
153.328
153.68
153.328
152.609
152.977
152.977
153.688
152.625
154.406
152.977
152.984
155.477
151.555
154.766
156.195
156.547
155.125
156.547
156.188
159.039
159.039
160.109
161.898
163.336
162.258
165.109
166.18
167.242
168.672
170.094
171.883
172.594
175.094
176.523
178.672
179.727
181.156
185.805
185.812
188.297
190.438
194.008
196.508
197.57
203.281
206.852
206.148
210.422
213.641
217.562
221.125
224.711
229.344
231.148
235.07
237.227
242.93
247.234
251.508
256.156
259.016
264.734
269.375
274.016
276.172
283.297
288.672
289.375
298.656
301.875
309.016
312.938
317.938
324.016
327.969
333.656
339.047
344.062
351.188
356.203
360.828
367.641
371.562
377.656
381.578
388.719
395.531
400.172
404.812
409.812
418.047
418.406
424.5
432.344
435.562
442.391
446.672
452.016
457.719
464.141
468.781
473.422
481.984
488.078
493.797
497.719
504.469
509.828
517.688
524.469
530.906
534.469
541.969
548.375
556.594
562.656
569.406
578
581.188
587.281
595.125
600.812
606.531
613.656
617.219
625.094
630.406
636.469
641.125
644
651.812
656.812
664.312
668.25
673.562
679.281
685.375
690
695.312
701.75
706.406
712.094
717.062
720.312
725.656
731
732.812
740.281
745.25
750.656
755.969
759.875
763.094
767.406
771.656
776.625
783.062
784.5
787.688
791.969
797.312
798.75
801.594
804.781
808.031
808.719
811.219
815.531
815.875
818.031
820.125
822.625
825.469
827.625
828.312
832.594
833.312
837.25
839
842.188
845.062
846.844
848.25
850.75
851.844
854.688
854.312
855.719
857.875
857.875
861.062
861.781
862.812
863.562
864.625
866.062
866.062
867.469
868.156
870.688
871.031
873.188
874.594
876.375
878.906
883.156
882.469
884.219
886.375
889.219
891.719
894.25
894.25
900.281
901
903.188
906.406
909.25
911.406
913.906
915.688
920.375
922.5
926.062
930.688
934.281
935
939.312
942.875
945.344
950
954.281
955.375
961.125
963.625
969.344
973.25
979
979
982.562
985.781
990.438
992.938
997.625
1000.81
1002.97
1006.53
1008.31
1011.88
1015.84
1019.06
1021.91
1026.19
1028.69
1032.31
1034.06
1037.31
1041.25
1044.06
1047.31
1050.5
1051.62
1056.31
1057.69
1062
1064.5
1065.56
1070.94
1072
1076.69
1077.75
1078.81
1083.81
1085.25
1086.38
1088.88
1092.75
1094.56
1096.75
1096
1099.94
1100.25
1104.19
1106.44
1107.88
1110.38
1112.12
1112.12
1117.12
1116.81
1120
1121.06
1123.56
1127.81
1127.5
1126.81
1129.62
1130
1132.19
1133.25
1134.69
1135.38
1136.44
1139.31
1139.62
1137.12
1140.38
1140
1141.81
1142.5
1143.62
1142.5
1143.19
1145
1145.38
1147.19
1147.88
1148.62
1151.81
1151.5
1155
1157.19
1156.12
1156.81
1160.69
1159.31
1161.81
1162.5
1162.5
1164.31
1165.44
1167.94
1167.62
1171.12
1171.88
1172.19
1173.62
1177.56
1178.25
1180.06
1181.5
1182.19
1183.62
1185.75
1186.5
1189.69
1190.06
1191.5
1194.38
1196.19
1198.25
1198.25
1199.69
1201.5
1203.25
1204
1206.88
1206.5
1207.19
1209
1211.44
1211.12
1213.25
1213.25
1213.25
1213.94
1214.38
1216.12
1216.88
1215.75
1217.25
1216.12
1218.25
1219.38
1219.38
1218.62
1218.94
1216.88
1218.62
1218.94
1218.25
1218.62
1219.38
1219.75
1217.56
1220.06
1220.06
1218.94
1218.94
1218.62
1219.31
1221.12
1220.06
1217.56
1217.56
1218.62
1217.94
1217.12
1218.94
1218.62
1217.12
1219.62
1219.62
1216.44
1217.5
1217.5
1217.5
1218.25
1214.62
1217.12
1218.56
1215.31
1213.94
1214.25
1213.56
1215.25
1214.56
1212.44
1210.62
1209.94
1210.25
1209.25
1209.56
1208.56
1208.56
1207.5
1204.62
1205.69
1203.88
1203.88
1202.81
1202.12
1200.69
1202.5
1200.69
1201.38
1199.19
1200.31
1198.19
1197.81
1197.81
1196.38
1197.5
1193.5
1195.31
1194.19
1193.5
1192.5
1190.69
1192.81
1189.19
1190.69
1189.19
1187.5
1188.5
1186.69
1185.69
1184.62
1183.88
1183.88
1183.5
1183.5
1183.5
1181.44
1181.75
1178.56
1181.06
1178.25
1177.12
1175.75
1176.06
1174.62
1174.62
1171.75
1170.75
1170.75
1169.69
1167.88
1168.94
1165
1165.38
1163.94
1165
1164.69
1163.94
1161.44
1162.88
1163.56
1161.81
1160.69
1160.69
1159.31
1160
1159.31
1159.69
1160.69
1159.69
1159.31
1158.56
1160.38
1159.69
1160.38
1160.38
1159.69
1161.5
1157.88
1160.38
1161.81
1162.5
1162.19
1160.69
1162.19
1161.12
1162.88
1161.12
1162.19
1162.88
1162.5
1164
1164
1164.31
1164
1167.19
1165.69
1166.5
1166.5
1168.25
1166.81
1167.19
1167.19
1166.81
1169.69
1169.69
1170.81
1171.5
1170.81
1172.19
1174.69
1174.31
1175.81
1177.19
1177.19
1178.31
1178.62
1179
1181.5
1182.19
1183.94
1183.31
1186.06
1187.56
1187.56
1188.56
1190.06
1191.44
1192.56
1193.94
1195.38
1198.25
1198.25
1200.38
1201.12
1203.62
1205.06
1204.62
1205.75
1207.94
1209.62
1211.12
1211.12
1214.31
1213.25
1216.44
1217.5
1219.62
1220.38
1221.81
1222.12
1222.5
1223.94
1225
1226.81
1228.19
1228.88
1228.56
1231.75
1230.31
1231.06
1231.75
1233.56
1234.62
1234.62
1234.62
1233.56
1234.25
1234.25
1232.81
1235.31
1234.94
1235.31
1235.31
1234.25
1232.81
1233.56
1233.88
1231.06
1233.12
1231.75
1231.75
1232.06
1228.56
1228.88
1228.88
1226.75
1223.88
1221.38
1221.38
1219.94
1217.44
1214.94
1212.06
1210.25
1204.94
1202.75
1200.31
1193.25
1190.38
1187.5
1181.44
1175.38
1171.44
1164.62
1160.38
1154.25
1145.38
1139.62
1132.19
1125.38
1115.38
1107.12
1097.88
1087.38
1076.25
1069.44
1056.19
1046.12
1034
1020.38
1007.5
994.938
979.219
963.469
948.031
933.781
914.781
898.312
880.125
861.625
842.344
821.688
799.25
774.656
755.031
729.031
704.062
679.094
650.219
624.906
597.062
565.312
533.531
502.516
471.844
437.891
405
368.859
336.312
304.484
274.781
241.523
213.648
184.352
161.578
136.992
112.781
93.9336
77.2227
62.6191
50.1367
40.1602
28.0059
22.3115
19.8936
14.5723
10.6216
8.52295
5.00952
-0.70633
0.69742
-1.07031
2.84888
0.70612
0.70862
0.70624
1.78076
1.78363
1.40723
-0.00363
2.50195
1.05396
2.49585
2.49292
0.71078
2.13916
0.7081
2.49915
1.43347
2.12976
0.71442
1.78473
3.20166
2.13757
1.42664
1.06079
0.3526
1.06311
1.4223
3.56909
1.77612
1.42548
3.56665
3.21021
1.06757
1.06824
1.06482
1.42639
2.4895
-0.00041
1.06641
1.42303
0.34752
1.42035
1.77631
2.49622
0.70441
2.49658
-0.00361
2.13757
0.70889
1.4248
0.70557
0.35284
1.42059
-0.36049
-0.00292
2.13855
1.77844
-0.00326
1.07019
2.84656
1.0741
1.77899
1.42017
0.34892
3.91431
0.70663
1.07025
2.85229
0.35175
2.14038
1.77649
1.42511
2.4928
1.06525
2.49097
1.78113
1.77692
-0.00438
1.78113
0.70563
1.42529
2.13599
3.91895
1.42474
1.77954
1.0647
1.42548
3.20288
1.41888
1.42676
-0.00368
1.42572
3.21362
-0.72083
1.427
1.77356
1.05988
0.35242
3.5636
0.35852
0.35768
2.13306
0.71289
2.13623
3.2063
1.06848
2.49646
2.85059
1.42407
1.42603
1.4223
1.06732
2.85205
-0.35959
-0.35909
1.77808
3.20691
1.78113
1.77777
1.78186
-0.36125
2.13794
2.495
0.34776
2.4928
1.7851
1.77643
1.77655
1.78308
0.71078
1.06091
2.49902
2.13916
2.49524
0.35539
2.49109
1.78003
3.20447
2.4928
3.56396
-0.00292
2.14026
1.42157
2.1333
2.4978
1.78186
2.13367
1.78339
1.42078
0.70251
2.14038
1.7821
1.78033
1.77673
2.4939
1.06488
1.7804
0.70746
0.71085
1.06488
-0.0002
1.06128
-0.36049
2.13428
2.13049
0.71146
2.49426
1.4245
0.00042
1.42303
2.13599
0.7088
1.42255
1.78259
1.77722
0.70807
2.49451
1.77399
1.78381
1.07025
1.77948
1.78125
0.3541
1.41864
0
1.4201
1.42511
2.13562
2.49402
2.8501
1.06763
1.77673
0.70895
2.49426
0.7063
2.14075
2.14014
1.06622
2.13269
2.85181
2.84973
1.42255
1.41827
0.71201
1.06775
2.13501
1.065
1.42419
2.13489
1.77844
1.78662
-0.36369
1.0672
1.7793
0.7063
2.13818
0.70468
2.13806
2.13977
2.85059
1.07153
2.13843
2.84973
3.2124
1.42383
1.78143
2.85413
2.49512
3.20569
1.06256
1.06769
2.49329
1.77991
0.70926
2.13733
0.3511
0.70596
0.70819
3.56445
2.85425
2.13818
3.21069
-0.71936
1.41779
2.13599
5.34644
2.85046
1.42511
2.49377
1.42426
4.63672
1.06201
1.4223
2.13574
1.06708
2.85522
2.49426
4.28101
0.71399
2.13403
3.20642
4.27808
4.28149
2.13904
2.13879
1.42517
2.13782
3.91833
2.84668
0.70938
3.20544
1.77722
-0.00153
3.21179
0.35364
3.20947
1.41589
1.42505
2.85278
-0.00438
4.27759
1.77655
1.42322
1.42688
2.85156
3.92871
2.85132
2.49451
1.42145
1.77893
1.06458
3.56555
1.06537
1.78088
2.85376
3.20996
1.42572
2.49573
2.13831
1.77832
1.77911
3.20825
2.13647
3.56506
2.13721
3.92017
0.35611
3.20203
0.3566
2.13403
2.85242
2.49658
1.77789
1.06531
0.35666
2.84937
1.06488
1.77954
2.49475
0.70233
1.77795
1.77264
1.42535
3.56897
2.13879
0.00022
0.70969
2.13489
1.42523
1.06726
1.42242
2.13733
3.2085
3.20508
1.06622
0.70718
2.84656
1.42651
1.07031
1.42633
1.06824
0.70868
2.13696
1.06189
0.70847
1.065
1.42523
1.77869
3.20667
1.06506
2.13525
0.70807
2.49097
2.85046
0.71173
2.85083
1.42487
1.42358
1.78143
0.35643
2.13696
2.49451
1.776
-0.00249
1.77118
1.77753
1.7724
2.49561
1.07031
1.06836
-0.36311
2.49451
2.4967
1.42419
0.35432
1.41876
0.35413
1.78284
1.06494
2.1283
0.70984
2.13818
-0.00166
1.77734
3.56519
1.78052
2.12573
1.7796
1.77643
-0.3584
3.21375
2.13
1.78033
0.35156
1.41992
1.41992
1.77808
3.21167
1.0697
0.70874
2.49255
1.06482
1.77966
0.34752
0.35368
2.85181
2.13733
1.41742
2.85156
2.13574
1.77832
1.42603
3.56714
1.77911
2.49939
1.06903
2.85181
1.78516
1.06134
-0.35902
3.20862
2.13586
2.8512
0.3466
1.06519
1.06403
2.49426
1.06683
1.06476
2.84473
0.71222
1.77869
2.13684
3.92102
2.49414
1.42358
1.42419
0.71011
1.41925
1.7851
3.20984
2.84778
1.06665
2.1355
2.84912
2.13647
2.13391
1.78265
2.49707
0.35428
3.20251
2.49402
1.06439
-0.00528
2.13904
2.13721
2.84924
1.06683
3.92493
2.13428
1.42017
2.85132
2.13831
1.7782
0.71118
1.06549
-0.36063
1.42688
1.78156
1.78534
0.70898
1.42426
1.77716
0.7132
2.85266
2.13831
2.13953
2.14075
0.7084
2.84802
1.77826
2.85034
1.78259
2.85059
1.0672
3.55908
1.78021
2.49207
1.42303
-0.00402
3.56763
2.84644
2.13794
2.49561
1.41901
1.42548
1.06689
2.49231
2.1355
1.42694
0.35089
2.49133
0.35429
3.20752
1.7807
3.20544
2.4967
19.8955
56.666
88.6328
185.406
254.375
405.281
383.25
393.141
318.203
455.516
609.656
819.125
1028.94
1287.75
1506.31
1744
1829.88
1714.94
1528.38
1326.06
1127.19
984.406
845.594
776.531
721.719
715.156
702.094
729.125
766.375
794.438
810.531
817.5
821.156
840.375
860.75
847.781
880.656
976.531
979.594
1082.56
1112.5
1179.5
1219.75
1315.75
1441.62
1646.38
1826.44
2036.12
2188.75
2324.25
2394.12
2487.5
2585.38
2696.88
2788.88
2841
2857.88
2903
2904.88
2919.62
2907.25
2886.75
2875.88
2859.5
2818.5
2777.5
2715.75
2665.62
2600.75
2528.25
2451.62
2381.75
2308.38
2237.75
2155.38
2085.25
2017.75
1961.12
1902.94
1836.31
1787.06
1746.81
1701.5
1662.69
1620.81
1589.12
1563.5
1537.75
1514
1487.56
1470.44
1462.69
1448.38
1442.88
1434.75
1427.88
1432.56
1431.75
1431.44
1439.19
1440.69
1452
1466.5
1473.31
1492.5
1506
1519.81
1540.88
1553.25
1575.44
1594.38
1613.88
1634.25
1651.25
1670.25
1688.81
1701.25
1719.81
1730.5
1742.25
1753
1756.12
1760.88
1761.19
1759.44
1759.75
1753
1744.81
1739.12
1726.25
1717.38
1703.81
1687.5
1673.56
1657.19
1644.69
1627.25
1610.75
1595.44
1577.62
1563.38
1547.31
1532.06
1520.25
1507.38
1495
1486.75
1471.38
1462.5
1451.81
1441.44
1433.94
1424.31
1410.44
1402.56
1393.69
1384.12
1375.5
1363.69
1357.56
1348.38
1340.5
1334.75
1325.44
1320.44
1313.69
1307.31
1303.31
1294
1290.81
1286.88
1278.06
1274.44
1268.38
1261.19
1256.56
1251.56
1245.19
1240.56
1232.62
1228.69
1220.5
1216.62
1211.56
1204.5
1198.75
1192.69
1184.81
1182
1174.12
1167.69
1161.62
1153.44
1146.94
1141.62
1134.5
1127
1120.56
1113.81
1106.25
1097.69
1093.44
1085.88
1080.19
1072.25
1065.81
1057.94
1052.94
1046.88
1040.81
1033.25
1029
1024.69
1020.41
1013.66
1008.59
1003.59
999.312
993.938
989.281
985
979.656
976.781
971.406
965.031
960.344
955.719
952.125
945.656
942.125
937.5
931.406
926.375
920
913.156
909.562
904.219
898.844
895.281
887.781
887.438
879.25
873.562
868.938
863.938
859.719
854.719
846.875
843.719
839.094
834.812
829.125
823.062
819.875
815.25
810.25
803.5
800.312
794.938
790.312
783.219
779.969
774.656
770.031
765.75
760.406
756.125
751.906
743.688
740.844
735.5
732.688
726.594
721.25
714.875
709.531
704.906
698.469
693.156
685.688
681.75
675
670.344
664.281
657.531
651.125
646.844
640.438
635.406
627.969
623.688
617.25
613
608.344
601.938
597.312
592.688
588.781
582.719
578.781
575.25
569.906
565.594
561.688
558.125
554.219
549.562
544.594
537.812
537.812
532.844
530.344
526.781
521.438
515.719
512.531
507.531
506.109
502.906
497.906
493.984
490.422
489.031
482.922
480.078
475.094
472.266
465.828
464.062
461.203
457.641
454.078
448.734
445.891
443.375
437.672
435.188
431.625
426.969
423.406
419.469
416.594
413.391
411.25
406.609
403.016
400.891
397.688
394.469
392.672
390.891
385.531
382.688
380.531
377.312
377.688
374.125
373.406
368.406
367.328
364.484
361.969
361.969
358.781
358.406
356.266
355.547
354.469
353.406
353.406
350.906
352.719
350.578
348.422
349.5
348.078
347.016
347.359
347.703
345.922
344.5
347.016
346.656
348.094
345.219
346.297
348.094
345.219
347.375
348.094
345.219
349.156
351.312
350.938
352.734
353.078
353.797
353.438
355.953
356.656
359.531
359.156
359.891
362.375
362.734
365.594
367.734
369.875
371.312
373.094
375.578
376.656
378.812
380.953
382.734
387.75
390.594
394.188
395.266
398.828
401.328
405.281
407.781
409.922
413.5
417.094
419.594
422.438
424.953
431.031
431.734
437.109
440.344
442.5
448.906
448.188
451.406
457.109
459.594
462.109
463.188
467.828
471.047
475.297
476.375
482.438
486.375
489.219
491.719
494.609
497.078
503.484
505.641
507.781
509.922
512.062
515.969
519.875
520.625
525.625
526
530.625
532.062
533.812
537.375
538.812
540.25
543.812
546.688
548.844
549.906
552.031
555.25
555.969
559.188
560.25
562.031
564.531
567.375
572.719
573.062
576.281
577.719
579.5
583.406
584.531
587.031
589.156
591.312
594.125
594.844
598.406
600.188
600.906
603.406
605.562
609.812
610.219
614.844
616.594
619.062
621.594
623.031
624.844
627.688
628.375
631.938
633.344
634.094
638.406
638.344
641.562
643
647.281
647.281
652.281
652.625
656.906
656.188
661.156
662.594
663.312
666.875
667.938
669.75
670.812
675.438
675.094
677.219
679.375
682.188
683.938
683.25
687.188
687.875
688.594
691.125
693.219
693.594
695.375
699.656
700.344
700.344
704.625
704.281
703.562
704.969
708.562
707.125
709.625
710.719
712.125
712.469
712.844
713.188
714.25
714.25
714.25
715.344
715
714.625
715
715.375
713.562
716.062
715.344
715.375
715.031
715.719
713.594
713.594
712.156
713.938
713.219
711.094
712.531
711.812
713.25
709.656
710.031
711.438
710.75
707.5
709.719
709.344
707.938
707.562
706.5
707.938
707.594
707.188
706.844
706.156
705.094
705.094
702.938
704.344
704
704.719
705.125
703.656
703.344
702.281
702.969
701.906
702.281
701.188
699.812
701.906
699.812
699.438
698.375
699.094
696.594
699.438
698.031
694.094
695.531
693.75
694.438
691.938
693.031
690.906
689.812
689.812
688.031
688.406
686.25
684.812
684.812
684.844
682.656
682
680.938
678.438
678.438
677.719
673.812
674.156
673.438
671.656
669.875
667.75
668.094
666.344
664.906
663.844
662.062
660.25
659.562
656.719
653.156
650.656
649.188
646.375
647.094
646
643.156
642.812
640.312
637.812
635.719
633.906
633.562
632.5
628.906
628.219
628.562
624.969
623.219
621.438
618.594
615.031
615.719
612.531
612.875
606.094
605.719
604.312
603.25
602.188
600.375
598.594
597.219
595.781
594.719
590.438
591.875
588.281
588.281
586.125
584
583.656
581.875
581.875
579.719
578.656
579.375
576.156
577.562
575.812
574.719
574.719
573.312
574.375
572.969
570.812
570.438
570.438
571.188
569.75
568.312
567.625
567.25
567.594
566.188
567.625
564.031
565.844
564.406
565.469
563.688
561.219
561.562
561.219
561.562
559.781
559.781
560.5
557.656
559.406
557.312
557.312
556.594
556.594
553.75
553.375
554.062
554.094
553.688
552.281
553.75
551.25
552.281
551.25
550.875
550.875
551.906
551.25
551.594
552.281
552.656
551.594
551.594
551.938
551.594
551.25
551.938
553.375
552.656
553.375
552.281
553.375
554.438
554.781
553.375
553.375
553
553
555.156
553.719
554.438
555.844
554.781
556.219
554.781
555.5
557.656
555.875
556.219
557.656
556.594
558.688
557.656
557.312
559.062
560.156
561.938
561.531
564.406
563.688
563.375
566.188
567.625
566.875
568.344
570.094
569.375
570.844
571.188
576.531
575.844
574.375
577.625
577.625
578.688
580.469
580.125
581.188
582.969
582.969
585.438
585.438
586.5
586.844
586.844
589
590.781
590.062
592.219
592.938
593.969
595.062
596.469
595.781
597.219
598.281
599.719
601.125
600.781
601.125
602.219
602.219
603.625
604.719
603.625
605.75
605.406
606.812
607.531
607.875
609.688
608.625
608.219
609.312
611.125
610.719
609.688
611.469
613.219
615.031
614.656
613.594
617.156
615.719
617.5
616.469
617.875
617.531
618.969
617.875
618.594
621.438
620.406
620
620.406
621.438
622.156
622.844
620
622.5
622.156
623.594
625
623.594
623.938
623.594
622.844
622.5
622.156
623.594
623.594
622.156
625
623.594
623.938
623.938
622.844
624.312
623.25
623.938
623.938
623.219
623.594
624.281
624.281
623.594
625
624.656
623.938
623.938
623.938
625.719
623.219
624.281
623.25
622.5
624.281
623.25
623.938
624.281
623.25
625
622.844
623.938
622.5
624.656
623.938
621.781
622.5
622.844
623.25
623.594
623.594
623.594
622.5
623.219
621.438
623.938
622.5
623.25
623.594
621.438
621.094
622.844
622.5
623.25
622.5
622.5
621.812
620
620.406
620
622.156
618.969
618.594
619.312
618.594
617.5
618.969
619.312
618.969
616.094
617.156
617.156
616.469
616.469
616.812
617.156
615.719
614.688
617.156
615.375
615.719
612.875
615.375
614.312
616.469
615.375
613.281
615.781
614
615.406
612.906
615.062
612.906
611.844
613.656
613.281
613.281
614.344
615.062
613.312
615.062
615.781
614.719
615.062
612.219
615.062
612.906
612.219
615.406
614
616.5
614.375
614.719
612.906
614
614.719
615.062
610.812
612.906
613.656
613.312
613.312
614.344
612.906
614
614.344
611.5
615.062
612.906
611.5
612.906
614
613.312
613.656
615.406
612.906
614.344
614.344
616.844
615.781
615.406
613.656
613.656
615.406
615.781
616.844
615.781
615.062
616.156
615.781
616.844
615.406
615.406
616.156
615.062
615.781
614
614
615.406
613.281
613.656
615.781
612.219
612.906
613.312
613.281
614.719
614
610.062
614.719
610.812
612.219
612.562
611.156
611.844
612.219
612.562
610.406
612.219
611.844
611.156
611.156
612.562
610.812
611.5
610.406
611.844
611.5
611.5
610.406
612.906
612.562
613.656
612.906
613.281
613.281
613.656
614.688
612.562
614.344
615.406
615.781
615.062
616.5
616.156
616.5
616.844
619
618.281
619.688
618.281
619.344
619.344
620.438
620.781
618.625
619.688
621.125
620.781
620.781
622.938
623.625
623.281
622.531
622.531
622.938
624
620.781
622.594
623.281
620.062
623.281
625.781
622.594
623.281
624.688
624
625.062
625.062
625.438
625.062
624.344
624.688
622.938
625.438
623.625
625.438
625.094
625.062
625.062
625.438
625.438
625.062
626.125
627.156
626.469
626.5
626.125
626.844
627.906
627.5
626.844
628.25
627.906
627.906
627.5
627.562
626.844
628.594
627.906
628.969
628.594
628.25
628.594
627.156
627.906
628.969
628.594
628.594
628.25
628.969
628.25
626.844
627.906
630.031
625.062
627.562
627.5
626.5
627.562
628.969
626.125
626.844
626.844
624.688
626.125
625.781
627.156
626.125
626.125
627.906
626.5
626.125
627.906
625.438
624.344
624.688
625.062
625.062
627.156
625.062
625.438
626.844
625.062
626.844
624.688
624.344
624.688
624.688
625.062
626.125
625.781
626.844
625.062
626.125
624.688
624
626.125
624.688
625.094
624.75
625.094
624.375
624.031
626.156
624.75
623.656
623.312
624.031
626.531
623.656
625.812
624.75
625.812
625.469
624.75
626.875
623.312
625.094
625.812
625.094
625.125
625.125
623.656
623.688
625.125
625.469
625.125
626.875
625.812
626.531
624.75
626.156
626.875
626.531
625.125
626.156
625.812
626.875
626.156
626.531
626.156
627.594
626.875
627.594
628.625
628.281
628.281
627.188
626.531
627.562
628.625
629.719
626.875
627.594
627.938
627.188
629
628.625
628.281
629.719
629.344
626.531
630.094
629
627.594
628.281
627.938
629
627.188
626.875
627.594
627.938
627.594
626.531
625.469
626.531
625.469
626.531
625.812
625.469
623.312
625.125
624.375
624.375
624.375
625.125
623.312
624.375
622.219
622.625
621.188
620.812
624.75
621.875
622.625
622.969
623.312
624.031
621.156
621.531
619.719
619.719
619.719
620.469
621.188
620.812
620.125
621.531
621.156
620.469
622.219
621.875
624.031
622.219
622.594
624.031
622.594
625.469
622.969
623.656
624.031
623.656
625.094
623.656
624.375
623.312
625.812
625.094
625.812
626.5
625.812
627.188
625.812
626.844
625.812
627.562
626.156
627.188
627.906
627.188
627.562
628.281
628.625
627.188
627.906
628.625
628.625
628.625
628.969
628.969
627.906
629.719
627.188
627.906
628.625
629.719
628.281
629.719
630.406
627.906
629.312
630.062
630.75
629.719
630.406
630.062
630.406
630.75
630.062
630.75
629.312
629.656
628.625
629.656
628.625
627.562
628.625
628.625
628.625
627.906
625.781
626.844
628.25
625.781
626.125
625.438
625.781
625.094
625.438
624.688
622.938
623.281
623.625
624
621.5
622.594
622.938
622.594
620.781
619.719
620.406
621.156
619.312
619.688
620.406
619.344
621.125
616.5
618.25
619.688
618.25
619.688
620.406
619.312
617.875
618.625
619.344
620.031
621.125
617.531
619
619.312
617.531
617.875
618.25
618.625
617.531
618.625
617.188
618.281
617.875
620.031
618.969
618.969
619.688
618.625
618.281
619.312
619.688
620.031
618.281
618.281
620.406
620.75
620.406
620.031
620.406
620.406
618.625
620.75
622.156
620.781
622.188
621.469
622.188
621.812
623.281
622.531
622.906
622.531
623.281
624.312
622.906
621.812
623.281
624.312
624.312
623.625
625.781
625.406
625.062
623.969
625.406
625.75
626.125
624.312
625.062
625.062
625.062
626.469
626.125
622.906
625.406
625.062
624.312
625.062
621.812
625.062
623.281
624.656
622.906
622.906
623.281
623.281
625.062
623.25
622.531
622.531
622.906
622.531
621.469
620.781
622.531
621.469
623.625
620.406
622.188
620.781
622.906
621.812
620.406
620.781
621.469
620.031
620.406
619.312
621.469
620.75
621.812
620.406
621.469
621.125
620.781
621.125
621.125
620.406
620.031
621.125
620.75
621.469
619.688
621.469
621.812
620.75
619.312
621.125
619.688
620.75
619.312
619.312
621.125
618.625
618.969
620.75
619.688
621.125
618.625
620.75
620.031
621.125
620.031
620.75
621.812
618.969
620.75
620.406
620.406
619.312
618.25
620.75
621.469
620.75
620.75
620.75
621.125
620.406
622.531
621.812
621.469
621.812
621.125
620.406
621.812
624.656
622.531
622.188
623.625
623.969
623.625
623.969
623.25
623.281
623.25
624.312
625.75
624.688
625.062
623.625
623.969
624.688
625.062
625.062
625.062
625.781
626.125
625.062
625.062
625.406
626.469
624.688
625.75
626.125
624.688
627.562
626.125
627.562
625.062
625.406
626.125
625.062
626.812
626.469
626.812
625.406
625.062
626.469
627.562
628.281
626.812
628.281
627.562
627.188
628.625
625.781
625.062
627.906
627.562
628.281
626.812
626.844
627.188
627.562
627.906
626.469
627.906
626.469
627.562
626.125
626.844
626.156
627.562
627.188
627.906
626.5
626.156
626.844
626.156
627.188
626.844
627.188
625.094
628.969
626.5
626.156
625.094
624.375
624.75
625.438
625.812
625.438
626.5
624.75
625.094
626.5
625.438
624.75
627.188
623.312
623.656
624
623.656
622.969
624.375
625.469
624.375
625.094
621.875
623.312
625.469
623.312
625.094
624
625.094
624.375
626.156
624.75
624.75
625.094
625.094
624.375
624.75
625.812
625.094
624.375
623.656
625.094
625.812
624.031
626.875
625.094
626.5
624.75
625.812
626.875
625.812
626.875
627.188
627.562
627.562
626.875
625.094
625.094
625.469
625.812
626.531
625.812
626.875
628.625
627.188
628.281
628.281
627.562
627.562
627.938
628.625
628.625
627.969
628.281
630.781
628.281
629.344
629.75
629.719
629.344
630.781
630.062
629.344
629.344
630.438
630.781
630.438
630.438
630.062
629.344
630.094
630.781
630.438
627.938
630.406
628.969
631.844
628.656
630.094
630.781
628.969
629.719
628.969
629.344
628.625
625.812
627.938
627.188
627.938
627.938
626.875
628.625
627.188
626.5
628.281
627.562
627.188
624.438
625.438
625.125
625.094
624.375
625.094
624.75
624.781
625.094
623.688
624.75
624.438
623.344
623.656
623.312
623.656
622.219
623.312
624.031
623.688
622.281
623
623.344
621.906
620.5
623.688
621.562
622.969
620.844
623
622.281
621.562
621.188
621.906
621.188
621.562
620.844
620.125
621.906
621.531
621.906
620.125
621.906
621.906
622.281
620.5
623
620.125
620.844
621.906
622.281
622.625
623
624.031
623
621.906
623
623.688
621.531
624.781
623
623.344
624.781
624.031
623.344
623.344
625.125
622.281
624.438
623
625.125
626.188
622.969
624
622.969
624.75
626.156
624.781
624.75
625.469
624.75
625.469
625.094
625.094
624.438
625.469
626.5
627.594
625.812
627.562
626.875
626.875
625.812
625.094
626.875
629.344
627.938
626.875
627.188
627.938
626.156
628.969
627.938
627.188
627.938
626.156
628.969
628.312
627.188
627.562
626.5
626.875
627.562
626.875
628.625
626.5
626.5
628.281
628.969
628.625
625.438
626.5
628.625
627.188
626.156
625.812
628.281
630.062
628.625
626.156
626.875
627.938
626.875
627.188
628.625
625.812
627.562
627.906
627.188
627.188
626.844
627.906
627.906
629.344
627.562
627.562
627.562
625.812
626.5
628.281
628.625
627.188
625.094
629.719
627.906
626.844
627.906
627.906
628.281
626.844
626.844
627.906
626.875
627.906
627.906
627.562
626.156
628.281
627.906
629.344
627.188
626.156
627.938
626.875
626.875
628.625
627.938
627.188
626.156
629.344
629.344
628.625
628.625
627.188
626.5
627.562
626.5
626.5
626.5
627.188
626.156
627.562
626.875
627.188
628.281
629.344
626.875
627.938
628.281
626.875
627.562
628.969
627.562
628.281
626.875
626.844
625.438
628.281
625.094
626.5
626.156
626.156
626.156
626.875
622.969
626.875
627.188
625.094
626.156
625.812
626.156
625.094
625.812
625.812
625.438
625.094
625.094
624.375
625.812
625.438
625.438
625.438
626.156
626.5
624.75
624.375
625.094
625.094
625.812
625.094
625.812
624.75
624
625.094
624.344
625.094
625.094
625.094
625.094
623.656
625.094
625.094
624.375
622.938
625.094
625.438
625.094
625.094
624.344
625.438
624.75
625.812
624.75
624
625.094
625.438
624.344
625.094
624
624
625.438
624.75
624
624.75
625.438
625.438
626.5
624.375
626.844
625.094
624.344
626.156
624.75
625.094
625.438
627.188
625.812
626.844
626.5
626.156
625.812
626.844
626.5
625.094
625.094
626.5
625.781
626.5
626.156
627.906
625.094
625.094
625.781
626.844
626.844
625.781
626.5
627.188
626.5
626.844
626.156
628.25
625.781
626.156
627.188
626.844
627.562
625.438
625.094
627.156
627.906
626.5
626.5
627.156
625.094
625.094
625.781
625.438
626.812
625.406
625.75
624.344
625.781
626.125
625.062
625.062
624.312
622.906
626.125
623.25
625.062
625.062
625.062
625.062
623.25
623.969
625.406
623.969
623.625
623.969
625.062
623.25
625.062
621.812
622.906
624.312
622.531
623.625
623.25
624.688
623.969
623.969
623.969
623.25
624.312
624.688
624.312
624.312
625.062
623.625
623.969
623.25
623.625
624.656
623.969
624.688
623.625
624.312
624.656
623.625
623.969
625.062
622.188
624.312
624.312
623.625
623.969
624.688
625.062
623.625
623.969
623.969
623.625
624.656
623.969
624.312
624.656
625.062
624.312
624.312
624.656
623.969
625.406
624.656
624.312
623.969
624.656
624.312
625.062
625.406
623.25
624.656
624.656
624.312
626.469
625.75
624.312
624.312
624.656
624.312
623.625
623.625
625.062
625.062
624.312
623.625
625.062
625.062
623.969
625.406
624.656
625.406
624.656
625.062
625.062
624.312
624.656
623.25
625.062
625.75
625.062
627.125
626.094
626.469
626.469
626.469
627.5
627.5
625.75
627.125
626.812
626.469
627.5
627.875
626.469
628.562
626.812
628.219
627.5
626.812
628.938
627.875
626.094
626.812
626.438
628.219
627.125
627.125
627.875
627.5
626.812
625.719
625.719
626.781
626.094
626.438
625.375
626.438
627.125
627.875
626.781
628.219
626.781
626.781
626.062
626.094
628.938
627.875
628.562
626.781
626.438
627.875
627.5
626.438
628.938
626.438
627.5
626.438
627.5
626.781
627.469
627.125
626.062
626.438
627.5
626.062
627.875
626.781
626.781
627.125
625
625.719
626.062
625.719
625.375
626.094
627.812
625.375
627.125
625
624.281
625.375
624.625
623.594
623.219
625.375
625.375
624.625
625.375
623.938
623.594
623.938
625.375
624.281
625
625.375
623.938
623.938
623.594
624.281
623.594
622.844
625.719
622.5
624.281
623.594
624.625
625
623.938
623.938
625
623.594
626.781
625
626.094
625
624.281
625.375
626.094
626.781
625.406
625
625.375
626.094
624.281
626.094
627.125
627.125
627.5
626.781
625
627.875
627.5
628.562
625.375
628.562
628.562
626.469
627.5
627.875
628.594
626.469
627.5
628.562
626.812
627.5
628.562
628.938
626.812
627.5
628.219
627.125
626.812
627.875
627.125
627.5
626.469
626.812
626.469
627.875
625.406
625.75
628.219
626.469
627.125
625.062
626.094
626.469
625.75
627.125
626.094
626.812
626.469
625.062
625.406
623.969
624.656
625.062
624.656
625.062
623.969
625.062
623.625
623.969
624.312
626.125
624.656
624.312
625.062
623.625
625.062
624.312
624.656
621.812
623.625
623.625
623.25
625.062
623.625
622.906
624.312
624.656
624.656
623.969
623.969
621.812
625.062
625.062
623.25
623.25
622.906
623.969
622.531
623.25
623.25
621.469
622.188
623.969
622.188
623.594
623.969
625.062
623.969
625.406
623.25
625.062
622.531
624.312
624.312
624.312
624.688
625.062
625.406
624.312
625.75
625.75
625.75
625.406
626.469
624.312
627.5
625.406
625.062
625.406
626.125
627.156
625.75
626.125
625.75
627.5
626.812
626.125
627.5
626.469
626.812
625.75
627.125
628.219
626.469
627.5
627.906
626.094
627.875
627.5
626.125
626.125
628.219
627.156
627.5
626.469
627.875
627.5
628.219
627.156
627.5
626.812
628.594
627.5
625.406
627.5
626.469
626.125
626.812
625.75
627.875
627.5
625.406
626.156
627.156
626.469
625.75
625.406
626.812
625.75
625.75
625.062
624.312
624.688
625.062
623.969
625.062
624.312
624.312
624
622.906
623.625
622.188
625.406
625.094
623.625
623.281
623.969
626.125
622.188
623.281
623.969
622.531
623.969
622.906
622.906
623.281
623.625
620.406
623.625
622.531
622.531
622.906
622.906
623.969
624
620.781
622.938
622.188
621.469
622.938
624.344
624.75
622.938
622.938
623.281
622.594
624.344
624.344
623.656
625.062
622.219
624
624.75
623.312
625.094
624.344
625.094
623.656
625.094
625.094
625.094
624.344
625.094
625.094
623.312
625.781
625.094
625.781
626.5
625.094
625.094
623.656
625.438
625.094
626.156
625.438
627.562
627.562
625.438
625.438
626.844
626.5
625.781
625.812
626.156
626.844
625.094
626.5
624.344
625.438
625.781
625.094
625.094
626.156
626.156
626.156
626.844
625.781
625.094
625.094
625.094
623.656
627.562
624.344
625.438
625.094
625.094
625.094
624
626.5
624
624.344
624.75
624
625.094
623.656
624
623.656
625.094
623.656
625.094
622.594
622.938
624
623.656
623.656
623.656
621.844
623.656
622.594
623.656
623.281
622.219
623.656
624
624
620.812
625.094
624
625.094
625.094
623.656
622.219
622.594
623.656
624.75
625.438
623.312
623.656
623.656
624.344
623.656
623.656
623.656
623.312
623.656
625.812
624.75
625.094
624
624.75
625.094
624.375
625.781
624
625.094
624.75
626.5
625.438
625.094
625.438
625.438
624.75
626.5
625.812
623.312
627.188
624
625.094
626.5
624
625.094
625.438
626.5
625.438
623.656
626.156
625.094
624.75
624.75
625.438
626.156
625.094
626.156
624.75
624.344
624
624.344
626.5
626.156
625.094
625.094
624.75
624.75
626.156
625.094
625.094
625.094
625.438
625.438
625.094
626.844
625.094
622.594
626.156
625.812
625.094
626.5
625.094
625.812
625.812
626.5
626.5
628.969
626.844
625.438
625.094
627.188
625.781
625.812
625.094
625.781
626.5
627.562
626.156
627.562
626.844
627.188
625.781
627.562
625.438
627.562
627.188
625.781
626.844
626.156
625.781
625.812
624.75
626.156
628.625
625.438
625.094
626.5
626.156
625.438
623.656
626.156
626.5
625.438
625.438
625.094
626.156
625.781
625.094
625.812
626.156
626.844
626.5
625.812
626.5
624.75
625.094
627.562
625.094
625.781
626.844
625.094
624.75
624.344
625.094
625.812
624.75
625.094
625.094
624.344
624
626.5
624.75
624.75
626.844
624.75
624.75
625.438
625.438
623.312
624.75
625.094
625.094
624.344
623.656
625.094
624.344
624
625.438
625.094
624.344
625.094
624.344
624
624
624.344
624.375
625.094
625.094
625.094
625.094
624.75
623.312
622.594
625.094
625.438
625.094
625.438
625.094
625.438
625.094
625.094
626.156
625.094
624.344
625.812
625.094
624.75
624.344
624
623.656
625.438
625.094
625.812
625.094
625.812
625.812
625.094
624.75
624.344
625.094
626.156
625.438
624.75
625.812
624.75
625.438
625.438
624
625.094
625.094
625.438
623.656
625.094
625.094
625.094
625.812
625.812
626.156
626.156
624.75
625.438
625.094
627.188
625.812
625.438
624
626.156
626.156
626.844
627.188
627.906
626.844
626.5
625.094
627.188
625.094
626.5
626.844
626.156
626.5
625.812
626.5
625.094
627.188
626.5
626.5
627.188
625.094
626.156
625.438
625.094
625.812
625.094
627.188
625.438
626.156
626.844
627.188
625.094
626.156
625.094
625.438
625.094
626.844
626.156
626.5
627.188
625.781
625.094
626.844
625.094
626.5
627.562
626.156
627.906
627.188
626.844
625.438
627.906
627.188
627.562
627.562
626.5
627.188
625.094
626.844
626.844
627.188
629.312
626.156
627.906
627.562
626.844
627.188
626.5
626.844
625.094
627.188
626.844
628.281
627.906
626.156
627.906
627.188
626.156
627.562
627.562
627.188
627.906
625.438
627.562
626.5
626.5
626.844
626.156
627.188
625.438
625.781
626.156
626.875
626.844
626.844
625.812
626.156
625.812
625.438
626.156
625.781
625.094
624.75
625.438
623.656
625.438
625.094
625.094
626.156
625.438
624.75
625.812
625.812
625.438
625.438
625.094
625.438
623.312
625.094
624.75
623.312
623.312
624.75
624.375
624.75
625.094
623.312
624.344
624
624.344
626.156
624.75
625.094
625.094
624.375
627.188
623.656
625.094
622.938
625.438
627.188
625.812
625.812
623.656
625.812
625.438
625.812
625.094
625.812
626.844
625.094
625.094
627.188
625.812
625.812
625.438
625.094
625.438
626.156
624.75
626.844
626.5
625.812
625.438
625.094
624.75
625.812
626.156
626.156
625.094
625.094
624.75
626.156
625.812
625.094
623.656
625.094
625.812
625.094
626.156
624.344
627.562
624.375
625.094
624.75
624.75
624.75
625.094
624.375
623.656
623.656
624.344
624.375
624
624
624
624.375
624.344
624.344
624.344
624
622.594
624
625.094
623.312
622.938
624.375
625.094
624.344
624.344
622.938
625.094
624.375
623.656
624.344
623.312
625.094
622.938
624.344
624
625.094
625.094
624.75
625.094
624
625.094
624.75
624
625.094
624
624.344
624
625.781
623.312
624.75
625.094
626.156
624.344
625.094
625.812
625.094
625.812
625.781
625.812
625.438
625.438
626.844
623.656
627.188
626.5
625.094
626.844
626.5
626.5
626.5
626.844
626.5
626.5
626.5
625.812
625.812
626.156
626.156
625.094
624.75
626.844
628.625
625.812
626.5
625.094
626.156
626.5
627.906
625.094
628.281
627.906
626.5
627.188
626.156
626.5
624.75
626.875
626.156
627.906
627.562
626.875
628.281
627.906
629.312
626.844
628.281
625.094
627.188
626.844
625.812
627.188
627.188
627.562
627.562
627.562
627.562
627.562
626.5
628.281
626.156
626.844
627.562
628.281
627.906
627.562
625.438
627.188
625.438
626.5
626.844
627.188
626.5
626.844
626.844
625.781
627.188
626.156
627.188
626.5
625.438
626.844
626.5
626.156
625.438
626.156
626.844
625.438
627.188
626.5
626.156
627.188
626.5
626.5
625.438
626.5
625.438
625.781
626.844
625.781
626.844
626.156
625.781
624.344
625.438
623.656
626.156
624.75
625.094
624.75
624
624
626.5
625.094
625.094
621.844
624
622.938
622.938
623.312
623.656
626.5
624
623.656
622.219
622.594
623.312
623.656
622.594
623.656
622.219
622.594
621.844
623.281
622.938
623.656
622.938
622.219
624.344
622.938
621.5
622.594
622.594
622.219
621.844
623.312
619
620.438
621.844
621.156
621.156
622.938
621.844
622.219
621.844
621.156
621.5
621.844
621.156
620.812
623.656
622.938
622.938
622.219
620.062
622.938
621.5
621.844
623.281
622.938
622.594
623.281
620.812
621.844
621.5
622.938
622.938
622.938
622.219
622.594
622.219
621.156
622.594
624.75
621.5
624
622.594
623.281
623.656
624
622.594
624.75
622.938
624.344
623.656
622.938
623.281
622.938
622.938
622.594
624.344
624
624.344
625.094
624
624.75
624
625.094
624.344
624.75
624.75
623.656
625.094
624.75
624.344
625.438
623.656
624
624.344
625.781
624.75
625.438
625.781
625.438
625.438
626.5
627.906
626.156
625.094
625.438
625.062
625.094
627.188
626.156
625.781
627.562
626.812
626.844
627.188
626.812
628.969
626.156
626.156
626.844
626.812
627.188
626.812
627.906
626.469
626.125
627.562
627.562
627.562
626.156
625.406
626.812
628.25
626.812
626.125
625.062
626.156
626.125
627.188
626.812
626.5
626.469
627.156
626.812
625.062
626.812
626.469
627.562
625.438
626.469
625.781
624.688
626.125
625.062
626.812
625.062
625.75
625.062
1.42627
0
0
0
0
0
0
0
0
0
0
0
0
0
0
0
0
0
0
0
0
0
0
0
0
0
0
0
0
0
0
0
0
0
0
0
0
0
0
0
0
0
0
0
0
0
0
0
0
0
0
0
0
0
0
0
0
0
0
0
0
0
0
0
0
0
0
0
0
0
0
0
0
0
0
0
0
0
0
0
0
0
0
0
0
0
0
0
0
0
0
0
0
0
0
0
0
0
0
0
0
0
0
0
0
0
0
0
0
0
0
0
0
0
0
0
0
0
0
0
0
0
0
0
0
0
0
0
0
0
0
0
0
0
0
0
0
0
0
0
0
0
0
0
0
0
0
0
0
0
0
0
0
0
0
0
0
0
0
0
0
0
0
0
0
0
0
0
0
0
0
0
0
0
0
0
0
0
0
0
0
0
0
0
0
0
0
0
0
0
0
0
0
0
0
0
0
0
0
0
0
0
0
0
0
0
0
0
0
0
0
0
0
0
0
0
0
0
0
0
0
0
0
0
0
0
0
0
0
0
0
0
0
0
0
0
0
0
0
0
0
0
0
0
0
0
0
0
0
0
0
0
0
0
0
0
0
0
0
0
0
0
0
0
0
0
0
0
0
0
0
0
0
0
0
0
0
0
0
0
0
0
0
0
0
0
0
0
0
0
0
0
0
0
0
0
0
0
0
0
0
0
0
0
0
0
0
0
0
0
0
0
0
0
0
0
0
0
0
0
0
0
0
0
0
0
0
0
0
0
0
0
0
0
0
0
0
0
0
0
0
0
0
0
0
0
0
0
0
0
0
0
0
0
0
0
0
0
0
0
0
0
0
0
0
0
0
0
0
0
0
0
0
0
0
0
0
0
0
0
0
0
0
0
0
0
0
0
0
0
0
0
0
0
0
0
0
0
0
0
0
0
0
0
0
0
0
0
0
0
0
0
0
0
0
0
0
0
0
0
0
0
0
0
0
0
0
0
0
0
0
0
0
0
0
0
0
0
0
0
0
0
0
0
0
0
0
0
0
0
0
0
0
0
0
0
0
0
0
0
0
0
0
0
0
0
0
0
0
0
0
0
0
0
0
0
0
0
0
0
0
0
0
0
0
0
0
0
0
0
0
0
0
0
0
0
0
0
0
0
0
0
0
0
0
0
0
0
0
0
0
0
0
0
0
0
0
0
0
0
0
0
0
0
0
0
0
0
0
0
0
0
0
0
0
0
0
0
0
0
0
0
0
0
0
0
0
0
0
0
0
0
0
0
0
0
0
0
0
0
0
0
0
0
0
0
0
0
0
0
0
0
0
0
0
0
0
0
0
0
0
0
0
0
0
0
0
0
0
0
0
0
0
0
0
0
0
0
0
0
0
0
0
0
0
0
0
0
0
0
0
0
0
0
0
0
0
0
0
0
0
0
0
0
0
0
0
0
0
0
0
0
0
0
0
0
0
0
0
0
0
0
0
0
0
0
0
0
0
0
0
0
0
0
0
0
0
0
0
0
0
0
0
0
0
0
0
0
0
0
0
0
0
0
0
0
0
0
0
0
0
0
0
0
0
0
0
0
0
0
0
0
0
0
0
0
0
0
0
0
0
0
0
0
0
0
0
0
0
0
0
0
0
0
0
0
0
0
0
0
0
0
0
0
0
0
0
0
0
0
0
0
0
0
0
0
0
0
0
0
0
0
0
0
0
0
0
0
0
0
0
0
0
0
0
0
0
0
0
0
0
0
0
0
0
0
0
0
0
0
0
0
0
0
0
0
0
0
0
0
0
0
0
0
0
0
0
0
0
0
0
0
0
0
0
0
0
0
0
0
0
0
0
0
0
0
0
0
0
0
0
0
0
0
0
0
0
0
0
0
0
0
0
0
0
0
0
0
0
0
0
0
0
0
0
0
0
0
0
0
0
0
0
0
0
0
0
0
0
0
0
0
0
0
0
0
0
0
0
0
0
0
0
0
0
0
0
0
0
0
0
0
0
0
0
0
0
0
0
0
0
0
0
0
0
0
0
0
0
0
0
0
0
0
0
0
0
0
0
0
0
0
0
0
0
0
0
0
0
0
0
0
0
0
0
0
0
0
0
0
0
0
0
0
0
0
0
0
0
0
0
0
0
0
0
0
0
0
0
0
0
0
0
0
0
0
0
0
0
0
0
0
0
0
0
0
0
0
0
0
0
0
0
0
0
0
0
0
0
0
0
0
0
0
0
0
0
0
0
0
0
0
0
0
0
0
0
0
0
0
0
0
0
0
0
0
0
0
0
0
0
0
0
0
0
0
0
0
0
0
0
0
0
0
0
0
0
0
0
0
0
0
0
0
0
0
0
0
0
0
0
0
0
0
0
0
0
0
0
0
0
0
0
0
0
0
0
0
0
0
0
0
0
0
0
0
0
0
0
0
0
0
0
0
0
0
0
0
0
0
0
0
0
0
0
0
0
0
0
0
0
0
0
0
0
0
0
0
0
0
0
0
0
0
0
0
0
0
0
0
0
0
0
0
0
0
0
0
0
0
0
0
0
0
0
0
0
0
0
0
0
0
0
0
0
0
0
0
0
0
0
0
0
0
0
0
0
0
0
0
0
0
0
0
0
0
0
0
0
0
0
0
0
0
0
0
0
0
0
0
0
0
0
0
0
0
0
0
0
0
0
0
0
0
0
0
0
0
0
0
0
0
0
0
0
0
0
0
0
0
0
0
0
0
0
0
0
0
0
0
0
0
0
0
0
0
0
0
0
0
0
0
0
0
0
0
0
0
0
0
0
0
0
0
0
0
0
0
0
0
0
0
0
0
0
0
0
0
0
0
0
0
0
0
0
0
0
0
0
0
0
0
0
0
0
0
0
0
0
0
0
0
0
0
0
0
0
0
0
0
0
0
0
0
0
0
0
0
0
0
0
0
0
0
0
0
0
0
0
0
0
0
0
0
0
0
0
0
0
0
0
0
0
0
0
0
0
0
0
0
0
0
0
0
0
0
0
0
0
0
0
0
0
0
0
0
0
0
0
0
0
0
0
0
0
0
0
0
0
0
0
0
0
0
0
0
0
0
0
0
0
0
0
0
0
0
0
0
0
0
0
0
0
0
0
0
0
0
0
0
0
0
0
0
0
0
0
0
0
0
0
0
0
0
0
0
0
0
0
0
0
0
0
0
0
0
0
0
0
0
0
0
0
0
0
0
0
0
0
0
0
0
0
0
0
0
0
0
0
0
0
0
0
0
0
0
0
0
0
0
0
0
0
0
0
0
0
0
0
0
0
0
0
0
0
0
0
0
0
0
0
0
0
0
0
0
0
0
0
0
0
0
0
0
0
0
0
0
0
0
0
0
0
0
0
0
0
0
0
0
0
0
0
0
0
0
0
0
0
0
0
0
0
0
0
0
0
0
0
0
0
0
0
0
0
0
0
0
0
0
0
0
0
0
0
0
0
0
0
0
0
0
0
0
0
0
0
0
0
0
0
0
0
0
0
0
0
0
0
0
0
0
0
0
0
0
0
0
0
0
0
0
0
0
0
0
0
0
0
0
0
0
0
0
0
0
0
0
0
0
0
0
0
0
0
0
0
0
0
0
0
0
0
0
0
0
0
0
0
0
0
0
0
0
0
0
0
0
0
0
0
0
0
0
0
0
0
0
0
0
0
0
0
0
0
0
0
0
0
0
0
0
0
0
0
0
0
0
0
0
0
0
0
0
0
0
0
0
0
0
0
0
0
0
0
0
0
0
0
0
0
0
0
0
0
0
0
0
0
0
0
0
0
0
0
0
0
0
0
0
0
0
0
0
0
0
0
0
0
0
0
0
0
0
0
0
0
0
0
0
0
0
0
0
0
0
0
0
0
0
0
0
0
0
0
0
0
0
0
0
0
0
0
0
0
0
0
0
0
0
0
0
0
0
0
0
0
0
0
0
0
0
0
0
0
0
0
0
0
0
0
0
0
0
0
0
0
0
0
0
0
0
0
0
0
0
0
0
0
0
0
0
0
0
0
0
0
0
0
0
0
0
0
0
0
0
0
0
0
0
0
0
0
0
0
0
0
0
0
0
0
0
0
0
0
0
0
0
0
0
0
0
0
0
0
0
0
0
0
0
0
0
0
0
0
0
0
0
0
0
0
0
0
0
0
0
0
0
0
0
0
0
0
0
0
0
0
0
0
0
0
0
0
0
0
0
0
0
0
0
0
0
0
0
0
0
0
0
0
0
0
0
0
0
0
0
0
0
0
0
0
0
0
0
0
0
0
0
0
0
0
0
0
0
0
0
0
0
0
0
0
0
0
0
0
0
0
0
0
0
0
0
0
0
0
0
0
0
0
0
0
0
0
0
0
0
0
0
0
0
0
0
0
0
0
0
0
0
0
0
0
0
0
0
0
0
0
0
0
0
0
0
0
0
0
0
0
0
0
0
0
0
0
0
0
0
0
0
0
0
0
0
0
0
0
0
0
0
0
0
0
0
0
0
0
0
0
0
0
0
0
0
0
0
0
0
0
0
0
0
0
0
0
0
0
0
0
0
0
0
0
0
0
0
0
0
0
0
0
0
0
0
0
0
0
0
0
0
0
0
0
0
0
0
0
0
0
0
0
0
0
0
0
0
0
0
0
0
0
0
0
0
0
0
0
0
0
0
0
0
0
0
0
0
0
0
0
0
0
0
0
0
0
0
0
0
0
0
0
0
0
0
0
0
0
0
0
0
0
0
0
0
0
0
0
0
0
0
0
0
0
0
0
0
0
0
0
0
0
0
0
0
0
0
0
0
0
0
0
0
0
0
0
0
0
0
0
0
0
0
0
0
0
0
0
0
0
0
0
0
0
0
0
0
0
0
0
0
0
0
0
0
0
0
0
0
0
0
0
0
0
0
0
0
0
0
0
0
0
0
0
0
0
0
0
0
0
0
0
0
0
0
0
0
0
0
0
0
0
0
0
0
0
0
0
0
0
0
0
0
0
0
0
0
0
0
0
0
0
0
0
0
0
0
0
0
0
0
0
0
0
0
0
0
0
0
0
0
0
0
0
0
0
0
0
0
0
0
0
0
0
0
0
0
0
0
0
0
0
0
0
0
0
0
0
0
0
0
0
0
0
0
0
0
0
0
0
0
0
0
0
0
0
0
0
0
0
0
0
0
0
0
0
0
0
0
0
0
0
0
0
0
0
0
0
0
0
0
0
0
0
0
0
0
0
0
0
0
0
0
0
0
0
0
0
0
0
0
0
0
0
0
0
0
0
0
0
0
0
0
0
0
0
0
0
0
0
0
0
0
0
0
0
0
0
0
0
0
0
0
0
0
0
0
0
0
0
0
0
0
0
0
0
0
0
0
0
0
0
0
0
0
0
0
0
0
0
0
0
0
0
0
0
0
0
0
0
0
0
0
0
0
0
0
0
0
0
0
0
0
0
0
0
0
0
0
0
0
0
0
0
0
0
0
0
0
0
0
0
0
0
0
0
0
0
0
0
0
0
0
0
0
0
0
0
0
0
0
0
0
0
0
0
0
0
0
0
0
0
0
0
0
0
0
0
0
0
0
0
0
0
0
0
0
0
0
0
0
0
0
0
0
0
0
0
0
0
0
0
0
0
0
0
0
0
0
0
0
0
0
0
0
0
0
0
0
0
0
0
0
0
0
0
0
0
0
0
0
0
0
0
0
0
0
0
0
0
0
0
0
0
0
0
0
0
0
0
0
0
0
0
0
0
0
0
0
0
0
0
0
0
0
0
0
0
0
0
0
0
0
0
0
0
0
0
0
0
0
0
0
0
0
0
0
0
0
0
0
0
0
0
0
0
0
0
0
0
0
0
0
0
0
0
0
0
0
0
0
0
0
0
0
0
0
0
0
0
0
0
0
0
0
0
0
0
0
0
0
0
0
0
0
0
0
0
0
0
0
0
0
0
0
0
0
0
0
0
0
0
0
0
0
0
0
0
0
0
0
0
0
0
0
0
0
0
0
0
0
0
0
0
0
0
0
0
0
0
0
0
0
0
0
0
0
0
0
0
0
0
0
0
0
0
0
0
0
0
0
0
0
0
0
0
0
0
0
0
0
0
0
0
0
0
0
0
0
0
0
0
0
0
0
0
0
0
0
0
0
0
0
0
0
0
0
0
0
0
0
0
0
0
0
0
0
0
0
0
0
0
0
0
0
0
0
0
0
0
0
0
0
0
0
0
0
0
0
0
0
0
0
0
0
0
0
0
0
0
0
0
0
0
0
0
0
0
0
0
0
0
0
0
0
0
0
0
0
0
0
0
0
0
0
0
0
0
0
0
0
0
0
0
0
0
0
0
0
0
0
0
0
0
0
0
0
0
0
0
0
0
0
0
0
0
0
0
0
0
0
0
0
0
0
0
0
0
0
0
0
0
0
0
0
0
0
0
0
0
0
0
0
0
0
0
0
0
0
0
0
0
0
0
0
0
0
0
0
0
0
0
0
0
0
0
0
0
0
0
0
0
0
0
0
0
0
0
0
0
0
0
0
0
0
0
0
0
0
0
0
0
0
0
0
0
0
0
0
0
0
0
0
0
0
0
0
0
0
0
0
0
0
0
0
0
0
0
0
0
0
0
0
0
0
0
0
0
0
0
0
0
0
0
0
0
0
0
0
0
0
0
0
0
0
0
0
0
0
0
0
0
0
0
0
0
0
0
0
0
0
0
0
0
0
0
0
0
0
0
0
0
0
0
0
0
0
0
0
0
0
0
0
0
0
0
0
0
0
0
0
0
0
0
0
0
0
0
0
0
0
0
0
0
0
0
0
0
0
0
0
0
0
0
0
0
0
0
0
0
0
0
0
0
0
0
0
0
0
0
0
0
0
0
0
0
0
0
0
0
0
0
0
0
0
0
0
0
0
0
0
0
0
0
0
0
0
0
0
0
0
0
0
0
0
0
0
0
0
0
0
0
0
0
0
0
0
0
0
0
0
0
0
0
0
0
0
0
0
0
0
0
0
0
0
0
0
0
0
0
0
0
0
0
0
0
0
0
0
0
0
0
0
0
0
0
0
0
0
0
0
0
0
0
0
0
0
0
0
0
0
0
0
0
0
0
0
0
0
0
0
0
0
0
0
0
0
0
0
0
0
0
0
0
0
0
0
0
0
0
0
0
0
0
0
0
0
0
0
0
0
0
0
0
0
0
0
0
0
0
0
0
0
0
0
0
0
0
0
0
0
0
0
0
0
0
0
0
0
0
0
0
0
0
0
0
0
0
0
0
0
0
0
0
0
0
0
0
0
0
0
0
0
0
0
0
0
0
0
0
0
0
0
0
0
0
0
0
0
0
0
0
0
0
0
0
0
0
0
0
0
0
0
0
0
0
0
0
0
0
0
0
0
0
0
0
0
0
0
0
0
0
0
0
0
0
0
0
0
0
0
0
0
0
0
0
0
0
0
0
0
0
0
0
0
0
0
0
0
0
0
0
0
0
0
0
0
0
0
0
0
0
0
0
0
0
0
0
0
0
0
0
0
0
0
0
0
0
0
0
0
0
0
0
0
0
0
0
0
0
0
0
0
0
0
0
0
0
0
0
0
0
0
0
0
0
0
0
0
0
0
0
0
0
0
0
0
0
0
0
0
0
0
0
0
0
0
0
0
0
0
0
0
0
0
0
0
0
0
0
0
0
0
0
0
0
0
0
0
0
0
0
0
0
0
0
0
0
0
0
0
0
0
0
0
0
0
0
0
0
0
0
0
0
0
0
0
0
0
0
0
0
0
0
0
0
0
0
0
0
0
0
0
0
0
0
0
0
0
0
0
0
0
0
0
0
0
0
0
0
0
0
0
0
0
0
0
0
0
0
0
0
0
0
0
0
0
0
0
0
0
0
0
0
0
0
0
0
0
0
0
0
0
0
0
0
0
0
0
0
0
0
0
0
0
0
0
0
0
0
0
0
0
0
0
0
0
0
0
0
0
0
0
0
0
0
0
0
0
0
0
0
0
0
0
0
0
0
0
0
0
0
0
0
0
0
0
0
0
0
0
0
0
0
0
0
0
0
0
0
0
0
0
0
0
0
0
0
0
0
0
0
0
0
0
0
0
0
0
0
0
0
0
0
0
0
0
0
0
0
0
0
0
0
0
0
0
0
0
0
0
0
0
0
0
0
0
0
0
0
0
0
0
